%YAML:1.0
---
T_laser2cam: !!opencv-matrix
   rows: 4
   cols: 4
   dt: d
   data: [ 5.3233726060459329e-03, -6.9993435280738792e-01,
       7.1418734479420798e-01, -1.8669002217438429e-02,
       -9.9995744286281929e-01, 1.6554982499402103e-03,
       9.0758905236014552e-03, -1.1021033612422737e-02,
       -7.5348634592240071e-03, -7.1420526537239148e-01,
       -6.9989575277108496e-01, 4.0893771695106101e-01, 0., 0., 0., 1. ]
camera_matrix: !!opencv-matrix
   rows: 3
   cols: 3
   dt: d
   data: [ 4.5361588343184297e+02, 0., 3.2650981477955338e+02, 0.,
       4.5386298663971775e+02, 2.4155840332115579e+02, 0., 0., 1. ]
dist_coeffs: !!opencv-matrix
   rows: 1
   cols: 5
   dt: d
   data: [ 9.4996803211640460e-02, -1.9237391397966630e-01,
       6.2659094353431644e-04, -2.2606197057362565e-04,
       6.8448486025564609e-02 ]
